epoch,loss,val_overall_acc,val_mean_class_acc
1,0.7099758800269772,79.02823090553284,74.54215116279069
2,0.5725994648232219,83.43125581741333,80.00896317829458
3,0.5940964413087073,83.32658410072327,80.29612403100774
4,0.6334341360665187,83.27593207359314,80.70014534883722
5,0.5766884012214153,84.76161956787109,81.59258720930233
6,0.5984911227425261,84.35643315315247,81.26598837209302
7,0.624647908032551,84.55227017402649,80.6016957364341
8,0.6414877213285171,84.72110033035278,81.72059108527131
9,0.6243798797609392,84.50162410736084,81.37117248062016
10,0.632088632216046,84.95070338249207,82.02490310077518
11,0.6187434044025995,86.17976903915405,83.58381782945736
12,0.6326059771217255,85.77796220779419,83.39510658914728
13,0.6322366291121664,85.57536602020264,82.29282945736435
14,0.6248747472731916,85.8758807182312,83.02461240310077
15,0.6707128808571301,85.40316224098206,82.46826550387597
