epoch,loss,val_overall_acc,val_mean_class_acc
1,1.0134761430192412,58.59030485153198,59.27209302325582
2,0.73000291403088914,77.11453676223755,76.77209302325581
3,0.726629521636999,79.62554693222046,79.85813953488372
4,0.45073052550000475,86.0132098197937,85.94186046511627
5,0.5072662469367635,85.46255230903625,85.68837209302325
6,0.6201861978653189,84.91188883781433,85.4674418604651
7,0.5050543539528326,85.13215780258179,85.55348837209301
8,0.6357438584839161,82.04845190048218,82.60232558139535
9,0.45940133476129597,86.56387329101562,86.26511627906976
10,0.4675534623865823,89.75770473480225,89.85116279069768
11,0.39133323134326037,89.75770473480225,89.81860465116279
12,0.46952119278963483,88.87664675712585,88.90232558139536
13,0.3563874662592927,90.63876271247864,90.71395348837209
14,0.39537031409313467,92.40087866783142,92.14883720930231
15,0.34962166305028103,91.51982069015503,91.63023255813953
16,0.4407475183516333,90.9691572189331,91.09767441860465
17,0.3768377753169496,90.52863121032715,90.69767441860466
18,0.5022794256070451,90.08809924125671,90.41162790697674
19,0.457245470988964,90.41849970817566,90.61395348837209
20,0.49079944591797686,90.19823670387268,90.33023255813953
21,0.5165824985126813,90.30836820602417,90.49534883720931
22,0.44673552998030547,90.9691572189331,90.99767441860465
23,0.3970958701158624,91.62995219230652,91.66279069767441
24,0.5575290338618621,89.53744173049927,89.81162790697674
25,0.4155879437385547,91.0792887210846,91.08372093023256
26,0.4575513722462788,90.9691572189331,91.09534883720929
27,0.4327552154513402,90.9691572189331,91.09767441860466
28,0.4187134888741069,91.96034669876099,92.02790697674418
29,0.4228532664895267,90.41849970817566,90.49767441860466
30,0.3997946242141982,90.9691572189331,90.86744186046513