epoch,loss,val_acc
1,1.3237440586090088,53.19383259911894
2,1.0697438716888428,63.1057268722467
3,0.8114969730377197,72.13656387665198
4,0.7709442377090454,72.02643171806167
5,0.7213168144226074,76.2114537444934
6,0.624737560749054,76.76211453744493
7,0.5845465660095215,80.39647577092511
8,0.6685953140258789,73.568281938326
9,0.5680741667747498,80.50660792951543
10,0.6128313541412354,79.62555066079295
11,0.5430456399917603,80.83700440528635
12,0.6294211149215698,78.52422907488987
13,0.6698821783065796,76.431718061674
14,0.636329710483551,79.95594713656388
15,0.5068039894104004,83.14977973568281
16,0.5277113318443298,82.9295154185022
17,0.7735204696655273,77.09251101321586
18,0.5483658909797668,81.16740088105728
19,0.5316011309623718,82.26872246696036
20,0.510128378868103,82.81938325991189
21,0.5636434555053711,81.16740088105728
22,0.48305845260620117,83.59030837004406
23,0.46429523825645447,84.69162995594714
24,0.4825687110424042,84.58149779735683
25,0.45007145404815674,85.79295154185021
26,0.4255273938179016,83.92070484581498
27,0.4640945792198181,85.02202643171806
28,0.5038532614707947,83.03964757709251
29,0.5281456112861633,81.93832599118943
30,0.4180222451686859,85.35242290748899
31,0.42197567224502563,86.12334801762114
32,0.4494989216327667,84.58149779735683
33,0.6421993374824524,80.61674008810573
34,0.5021117925643921,84.03083700440529
35,0.3980429470539093,86.56387665198238
36,0.4700850546360016,83.59030837004406
37,0.45891672372817993,84.69162995594714
38,0.5078953504562378,83.03964757709251
39,0.4414409101009369,84.58149779735683
40,0.40482521057128906,85.35242290748899
